T = [0.29,0.29,0.29,-0.20,-0.20,0.29,0.29,0.29,0.29,0.29,-0.20,-0.20,0.29,0.29,0.29,-0.20,0.29,0.29,0.29,0.29,0.29,0.29,-0.20,0.29,0.29,0.29,0.29,-0.20,0.29,0.29,0.29,0.29,0.29,0.29,0.29,-0.20,0.29,0.29,0.29,-0.20,-0.20,0.29,0.29,0.29,0.29,0.29,0.29,-0.20,0.29,0.29,0.29,0.29,0.29,0.29,-0.20,0.29,0.29,0.29,-0.20,0.29,-0.20,0.29,0.29,0.29,0.29,-0.20,-0.20,0.29,-0.20,0.29,0.29,0.29,0.29,-0.20,0.29,0.29,0.29,0.29,-0.20,0.29,-0.20,0.29,0.29,0.29,0.29,-0.20,0.29,0.29,0.29,0.29,0.29,-0.20,0.29,0.29,0.29,0.29,0.29,0.29,0.29,0.29,0.29,0.29,-0.20,0.29,0.29,0.29,0.29,0.29,0.29,0.29,0.29,0.29,0.29,0.29,0.29,0.29,-0.20,0.29,0.29,0.29,0.29,-0.20,-0.20,-0.20,0.29,0.29,0.29,-0.20,-0.20,-0.20,-0.20,-0.20,0.29,0.29,0.29,0.29,-0.20,0.29,0.29,0.29,-0.20,-0.20,-0.20,0.29,0.29,0.29,0.29,0.29,0.29,-0.20,-0.20,0.29,0.29,-0.20,0.29,-0.20,-0.20,0.29,0.29,0.29,0.29,-0.20,0.29,-0.20,0.29,0.29,0.29,0.29,-0.20,0.29,0.29,0.29,0.29,0.29,0.29,-0.20,0.29,0.29,-0.20,0.29,0.29,0.29,0.29,0.29,0.29,0.29,0.29,0.29,-0.20,0.29,0.29,0.29,-0.20,0.29,0.29,0.29,0.29,0.29,0.29,-0.20,0.29,0.29,0.29,0.29,0.29,0.29,0.29,0.29,0.29,0.29,0.29,0.29,0.29,-0.20,0.29,0.29,0.29,0.29,-0.20,-0.20,0.29,0.29,0.29,0.29,0.29,0.29,0.29,0.29,0.29,0.29,0.29,0.29,0.29,0.29,0.29,-0.20,-0.20,-0.20,0.29,0.29,0.29,0.29,0.29,0.29,0.29,0.29,0.29,0.29,0.29,-0.20,-0.20,0.29,1.26,1.26,1.26,1.26,1.26,1.26,1.26,1.26,1.26,1.26,1.26,1.26,1.26,1.26,1.26,1.26,1.26,1.26,1.26,1.26,1.26,1.26,1.26,1.26,1.26,1.26,1.26,1.26,1.26,1.26,1.26,1.26,1.26,1.26,1.26,1.26,1.26,1.26,1.26,1.26,1.26,1.75,1.26,1.26,1.26,1.26,1.26,1.26,1.26,1.26,1.26,1.26,1.26,1.26,1.26,1.26,1.26,1.26,1.26,1.26,1.26,1.26,1.26,1.26,1.26,1.26,1.26,1.26,1.26,1.26,1.26,1.26,1.26,1.26,1.26,1.26,1.26,1.26,1.26,1.26,1.26,1.26,1.26,1.26,1.26,1.26,1.26,1.26,1.26,1.26,1.26,1.26,1.26,1.26,1.26,1.26,1.26,1.26,1.26,1.26,1.75,1.26,1.26,1.26,1.26,1.26,1.26,1.26,1.26,1.26,1.26,1.26,1.26,1.26,1.26,1.75,1.26,1.26,1.26,1.26,1.26,1.26,1.26,1.26,1.26,1.26,1.26,1.75,1.26,1.26,1.26,1.26,1.26,1.26,1.26,1.26,1.26,1.26,1.26,1.26,1.75,1.26,1.26,1.75,1.26,1.75,1.26,1.26,1.26,1.26,1.26,1.26,1.26,1.26,1.26,1.26,0.78,1.26,1.75,1.26,1.75,1.26,1.26,1.75,1.75,1.75,1.26,1.26,1.26,1.75,1.75,1.26,1.26,1.26,1.26,1.75,0.78,1.75,1.75,1.26,1.26,1.75,1.75,1.26,1.26,1.26,1.26,1.26,1.75,1.75,1.26,1.26,1.26,1.75,1.26,1.26,1.26,1.26,1.26,1.75,1.26,1.26,1.26,1.26,1.75,1.75,1.26,1.26,1.26,1.26,1.26,1.26,1.26,1.26,1.26,1.75,1.26,1.75,1.26,1.26,1.26,1.26,1.75,1.26,1.26,1.26,1.26,1.26,1.26,1.26,1.26,2.24,1.26,1.75,1.26,1.75,1.26,1.26,1.26,1.75,1.26,1.26,1.26,1.26,1.26,1.75,1.26,1.26,1.26,1.26,1.75,1.75,1.26,1.26,2.73,2.73,2.24,2.24,2.24,2.73,2.24,2.73,2.24,2.73,2.73,2.73,2.24,2.24,2.24,2.24,2.73,2.73,2.73,2.24,2.24,2.73,2.73,2.24,2.24,2.24,2.73,2.24,2.73,2.24,2.24,2.73,2.73,2.24,2.73,2.73,2.24,2.73,2.73,2.24,2.24,2.24,3.71,2.73,2.24,2.24,2.24,2.24,2.24,2.73,2.24,2.24,2.24,2.73,2.73,2.73,2.24,2.24,2.73,2.73,2.73,2.24,2.24,2.24,2.73,2.73,2.24,2.24,2.24,2.24,2.73,2.24,2.73,2.24,2.24,2.24,2.24,2.24,2.24,2.24,2.24,2.73,2.24,2.24,2.24,3.22,2.73,2.24,2.24,2.24,2.24,2.73,2.73,2.24,2.24,2.73,2.73,2.73,2.73,2.73,2.24,2.73,2.73,2.24,2.24,2.24,2.24,2.24,2.73,2.24,2.24,2.24,2.24,2.24,2.24,2.24,2.24,2.24,2.24,2.73,2.73,2.24,2.24,2.24,2.24,2.24,2.24,2.24,2.24,2.73,2.73,2.73,2.24,2.24,2.24,2.73,2.73,2.24,2.24,2.24,2.24,2.73,2.24,2.24,2.24,2.24,2.73,2.73,2.24,2.24,2.73,2.24,2.24,2.24,2.24,2.24,2.73,2.24,2.73,2.24,2.24,2.24,2.73,2.73,2.24,2.73,2.24,2.24,2.73,2.24,2.24,2.73,1.75,2.24,2.24,2.73,2.24,2.24,2.73,2.73,2.24,2.24,2.24,2.73,2.73,2.24,2.24,2.24,2.24,2.73,2.73,2.73,2.24,2.24,2.24,2.73,2.73,2.73,2.73,2.73,2.73,2.73,2.24,2.24,2.24,2.73,2.73,2.73,2.73,2.24,2.24,2.24,2.73,2.24,2.24,2.24,2.73,2.73,2.24,2.24,2.24,2.24,2.73,2.24,2.24,2.24,2.24,2.73,2.73,2.24,2.24,1.75,2.24,2.73,2.73,2.24,2.24,2.24,2.73,2.73,2.24,2.73,2.24,2.73,2.73,2.73,2.24,2.24,2.73,2.24,2.24,2.24,2.24,2.24,1.26,2.73,2.24,2.24,2.24,2.24,2.24,2.24,2.24,2.24,2.24,2.73,2.73,2.24,2.24,2.24,2.24,2.73,2.73,2.24,2.24,2.24,2.73,2.73,2.73,2.24,2.24,2.24,2.73,2.24,2.24,2.24,2.24,2.24,2.24,2.24,2.24,2.24,2.24,0.78,2.24,3.71,2.24,2.24,2.73,2.24,2.24,2.24,2.24,2.24,2.73,2.73,2.73,2.24,2.73,2.73,2.73,2.24,2.73,2.24,2.73,2.73,2.73,2.24,2.24,2.24,2.73,2.73,2.24,2.73,2.73,2.73,2.73,2.24,2.24,2.24,2.24,2.73,2.24,2.24,2.24,2.24,2.24,2.24,2.24,2.73,2.24,2.24,1.75,2.73,2.24,2.24,2.24,2.73,2.73,2.73,2.73,2.24,2.24,2.73,2.73,2.73,2.24,2.73,2.24,2.73,2.73,2.73,2.24,2.24,2.73,2.73,2.24,2.24,2.24,2.73,2.73,2.73,2.24,2.24,2.24,2.24,1.75,2.73,2.24,2.24,2.24,2.73,2.24,2.73,2.24,2.24,2.73,2.24,2.73,2.73,2.24,2.24,2.73,2.73,2.24,2.24,2.24,2.73,2.73,2.73,2.24,2.24,2.73,2.73,2.24,2.24,2.24,2.24,2.24,2.73,2.73,2.24,2.24,2.73,2.73,2.73,2.73,2.24,2.24,2.73,2.73,2.73,2.73,2.24,2.24,2.24,2.73,2.73,2.24,2.24,2.24,2.73,2.73,2.73,2.24,2.24,2.73,2.73,2.24,2.24,2.24,2.24,2.73,2.24,2.73,2.24,2.73,2.73,2.73,4.19,4.19,4.19,4.68,3.71,3.71,4.19,4.19,3.71,3.71,3.71,4.19,4.19,4.19,4.19,4.19,4.19,4.19,4.19,4.19,3.71,3.71,4.19,4.19,3.71,3.71,5.17,3.71,3.71,4.19,4.19,4.19,3.71,4.19,4.19,4.19,3.71,3.71,3.71,4.19,4.19,4.19,4.19,3.71,4.19,4.19,4.19,3.71,4.19,3.71,4.19,4.19,4.19,4.19,3.71,3.71,4.19,4.19,4.19,3.71,3.71,3.71,4.19,4.19,3.71,4.19,3.71,3.22,4.19,4.19,3.71,3.71,3.71,4.19,4.19,4.19,3.71,3.71,4.19,4.19,4.19,3.71,3.71,3.71,4.19,4.19,4.19,3.71,3.71,3.71,4.19,4.19,3.71,4.19,3.71,4.19,6.15,4.68,5.17,5.17,5.17,6.64,6.15,5.17,4.68,5.17,4.19,6.64,4.68,5.66,5.17,5.66,5.17,5.66,5.17,6.15,5.66,5.17,4.19,6.64,5.66,5.66,6.15,5.17,6.15,5.66,4.68,5.66,4.19,4.68,6.64,6.15,6.15,4.68,6.64,7.12,5.66,5.17,5.17,5.17,5.17,7.12,6.64,5.17,4.68,4.19,5.66,5.66,5.66,6.64,5.17,6.64,5.17,5.66,5.17,5.66,4.68,4.68,5.17,5.17,5.17,6.15,6.15,5.66,6.15,6.64,6.64,5.17,6.15,4.68,5.66,4.68,6.15,6.15,6.15,5.66,5.66,7.12,6.15,5.66,5.66,5.66,6.15,6.64,6.15,4.68,5.17,4.19,5.17,5.17,5.66,5.17,6.15,4.68,5.66,6.64,5.17,4.68,5.17,6.64,5.17,4.68,6.64,5.17,5.17,6.64,5.66,5.66,5.17,5.66,5.66,4.68,5.17,4.68,6.15,6.15,5.66,4.68,5.66,5.17,6.15,5.17,4.68,5.66,4.19,5.66,5.17,5.17,4.19,5.66,5.17,6.64,6.15,4.68,8.59,6.15,6.15,7.12,7.12,9.08,7.61,7.12,7.12,7.61,7.61,8.10,7.12,8.10,7.12,7.12,7.61,7.12,6.64,8.10,7.12,7.12,6.64,8.59,6.64,7.61,7.12,9.08,6.64,7.61,7.61,7.12,6.64,7.12,7.61,8.10,7.12,6.15,9.08,7.61,6.64,8.59,6.64,8.59,7.61,8.10,7.12,7.61,7.61,7.61,7.12,7.61,8.10,7.12,8.10,8.10,7.61,8.10,8.10,8.10,8.10,7.61,8.59,8.10,7.61,8.59,7.12,7.61,7.61,7.61,7.61,6.64,9.08,7.12,8.59,7.61,8.10,6.64,6.64,8.59,7.61,7.61,7.12,7.61,7.61,7.61,7.61,7.61,7.12,7.12,7.12,6.15,8.59,7.61,8.10,8.10,8.10,7.12,7.61,7.12,8.10,8.10,7.61,7.12,6.64,7.12,7.12,8.10,8.10,7.61,8.59,8.59,8.10,6.15,8.10,7.12,7.12,7.61,7.12,7.12,7.61,7.61,7.61,7.61,8.10,7.61,9.56,6.64,7.61,7.12,7.12,7.61,7.61,7.12,8.10,8.10,7.61,7.12,7.12,8.10,9.08,7.61,7.12,7.61,8.59,8.10,7.61,7.61,8.10,7.12,8.10,8.59,6.64,7.61,7.61,7.12,7.61,8.10,8.10,7.12,8.59,7.61,8.59,7.61,7.12,7.12,8.10,7.12,9.08,7.12,8.10,8.10,7.12,8.10,8.10,7.61,8.10,7.61,8.10,8.10,7.12,7.61,8.10,7.61,7.61,8.10,7.61,7.12,6.64,7.61,8.10,9.08,7.61,8.10,9.08,7.61,7.61,8.10,8.10,9.08,7.61,8.10,7.61,8.10,8.59,8.59,7.12,8.10,7.12,7.12,7.12,7.12,7.61,7.12,7.12,7.12,8.10,8.10,7.61,8.10,8.10,7.61,9.08,8.59,7.61,8.10,7.12,7.12,7.61,8.10,7.61,8.10,8.10,10.05,10.54,10.54,11.03,10.54,9.08,10.54,9.08,10.54,11.03,11.03,10.54,11.03,11.03,10.54,11.52,11.52,11.03,10.54,11.52,10.54,10.05,10.54,9.56,10.05,10.05,9.56,9.56,9.56,11.03,10.05,9.08,11.52,10.54,10.54,10.05,9.56,9.08,10.05,9.08,10.54,10.54,11.52,10.05,9.56,10.05,11.52,11.52,10.05,11.52,9.56,11.52,10.54,9.56,9.56,10.05,10.05,10.05,11.52,10.54,10.54,9.08,11.52,10.05,10.54,10.54,9.08,11.52,10.05,9.56,10.05,10.05,9.56,10.05,10.54,10.05,10.05,10.05,9.56,10.54,10.05,10.05,9.56,10.54,10.05,11.03,10.05,10.54,10.54,10.05,11.03,10.05,11.03,10.05,10.05,11.03,11.03,11.52,10.05,11.03,10.05,9.56,9.56,10.05,9.56,10.05,11.03,10.54,9.56,10.54,9.08,11.52,10.05,11.52,10.54,10.05,11.03,10.05,10.54,10.54,11.03,9.56,11.03,10.54,11.03,11.52,11.03,11.03,11.03,11.52,10.54,12.01,10.05,9.56,10.05,11.52,10.54,12.01,9.56,11.03,9.08,10.05,9.56,